1760818904763 0.23264 0
1760818910083 0.25486 1
1760818915112 0.40425 2
1760818920197 0.47018 3
1760818925412 0.5018 4
1760818930636 0.4964 5
1760818936079 0.40391 6
1760818941613 0.43233 7
1760818947061 0.37945 8
1760818952480 0.39525 9
1760818957895 0.4342 10
1760818963295 0.44829 11
1760818968629 0.45754 12
1760818974402 0.50162 13
1760818980416 0.52901 14
1760818986263 0.58391 15
1760818992057 0.60353 16
1760818997795 0.58719 17
1760819003831 0.56492 18
1760819009860 0.56492 19
1760819011861 0.4342556711581185 19
