1760818904763 0.17699 0
1760818910083 0.17152 1
1760818915112 0.25583 2
1760818920197 0.21038 3
1760818925412 0.21639 4
1760818930636 0.25072 5
1760818936079 0.29269 6
1760818941613 0.3413 7
1760818947061 0.30564 8
1760818952480 0.31264 9
1760818957895 0.2931 10
1760818963295 0.26386 11
1760818968629 0.24405 12
1760818974402 0.24678 13
1760818980416 0.24706 14
1760818986263 0.26352 15
1760818992057 0.28196 16
1760818997795 0.28204 17
1760819003831 0.32017 18
1760819009860 0.31521 19
1760819011861 0.34499799421262767 19
