1760818904763 0.00333 0
1760818910083 0.00333 1
1760818915112 0.00333 2
1760818920197 0.00381 3
1760818925412 0.00333 4
1760818930636 0.00333 5
1760818936079 0.00333 6
1760818941613 0.00333 7
1760818947061 0.00333 8
1760818952480 0.00333 9
1760818957895 0.00333 10
1760818963295 0.00333 11
1760818968629 0.00333 12
1760818974402 0.00333 13
1760818980416 0.00333 14
1760818986263 0.00333 15
1760818992057 0.00333 16
1760818997795 0.00333 17
1760819003831 0.00333 18
1760819009860 0.00333 19
1760819011861 0.0033333333333333335 19
