1760818904763 0.77778 0
1760818910083 0.77778 1
1760818915112 0.77778 2
1760818920197 0.88889 3
1760818925412 0.77778 4
1760818930636 0.77778 5
1760818936079 0.77778 6
1760818941613 0.77778 7
1760818947061 0.77778 8
1760818952480 0.77778 9
1760818957895 0.77778 10
1760818963295 0.77778 11
1760818968629 0.77778 12
1760818974402 0.77778 13
1760818980416 0.77778 14
1760818986263 0.77778 15
1760818992057 0.77778 16
1760818997795 0.77778 17
1760819003831 0.77778 18
1760819009860 0.77778 19
1760819011861 0.7777777777777778 19
