1760819925326 0.23264 0
1760819932102 0.25486 1
1760819939185 0.40425 2
1760819946623 0.47018 3
1760819953459 0.5018 4
1760819960360 0.4964 5
1760819967478 0.40391 6
1760819975436 0.43233 7
1760819983088 0.37945 8
1760819990938 0.39525 9
1760819998057 0.4342 10
1760820005813 0.44829 11
1760820013642 0.45754 12
1760820021503 0.50162 13
1760820028192 0.52901 14
1760820034345 0.58391 15
1760820041043 0.60353 16
1760820047842 0.58719 17
1760820055542 0.56492 18
1760820063138 0.56492 19
1760820066181 0.4342556711581185 19
