1760819925326 0.17699 0
1760819932102 0.17152 1
1760819939185 0.25583 2
1760819946623 0.21038 3
1760819953459 0.21639 4
1760819960360 0.25072 5
1760819967478 0.29269 6
1760819975436 0.3413 7
1760819983088 0.30564 8
1760819990938 0.31264 9
1760819998057 0.2931 10
1760820005813 0.26386 11
1760820013642 0.24405 12
1760820021503 0.24678 13
1760820028192 0.24706 14
1760820034345 0.26352 15
1760820041043 0.28196 16
1760820047842 0.28204 17
1760820055542 0.32017 18
1760820063138 0.31521 19
1760820066181 0.34499799421262767 19
