1760819925326 0.00333 0
1760819932102 0.00333 1
1760819939185 0.00333 2
1760819946623 0.00381 3
1760819953459 0.00333 4
1760819960360 0.00333 5
1760819967478 0.00333 6
1760819975436 0.00333 7
1760819983088 0.00333 8
1760819990938 0.00333 9
1760819998057 0.00333 10
1760820005813 0.00333 11
1760820013642 0.00333 12
1760820021503 0.00333 13
1760820028192 0.00333 14
1760820034345 0.00333 15
1760820041043 0.00333 16
1760820047842 0.00333 17
1760820055542 0.00333 18
1760820063138 0.00333 19
1760820066181 0.0033333333333333335 19
