1760819925326 0.77778 0
1760819932102 0.77778 1
1760819939185 0.77778 2
1760819946623 0.88889 3
1760819953459 0.77778 4
1760819960360 0.77778 5
1760819967478 0.77778 6
1760819975436 0.77778 7
1760819983088 0.77778 8
1760819990938 0.77778 9
1760819998057 0.77778 10
1760820005813 0.77778 11
1760820013642 0.77778 12
1760820021503 0.77778 13
1760820028192 0.77778 14
1760820034345 0.77778 15
1760820041043 0.77778 16
1760820047842 0.77778 17
1760820055542 0.77778 18
1760820063138 0.77778 19
1760820066181 0.7777777777777778 19
