1760985987472 0.28824 0
1760986011267 0.41761 1
1760986037131 0.3631 2
1760986063519 0.44631 3
1760986089408 0.38379 4
1760986114548 0.42593 5
1760986139533 0.36274 6
1760986165764 0.40894 7
1760986190858 0.4076 8
1760986215634 0.37253 9
1760986240705 0.43797 10
1760986266769 0.45279 11
1760986292611 0.37985 12
1760986318283 0.4577 13
1760986345960 0.47486 14
1760986373886 0.487 15
1760986401440 0.50351 16
1760986427793 0.45617 17
1760986453519 0.4573 18
1760986480978 0.47325 19
1760986485518 0.502912337669441 19
