1760985987472 0.47408 0
1760986011267 0.61926 1
1760986037131 0.54887 2
1760986063519 0.6273 3
1760986089408 0.52944 4
1760986114548 0.62657 5
1760986139533 0.50136 6
1760986165764 0.55368 7
1760986190858 0.6496 8
1760986215634 0.55791 9
1760986240705 0.64052 10
1760986266769 0.64329 11
1760986292611 0.66556 12
1760986318283 0.69146 13
1760986345960 0.70412 14
1760986373886 0.72686 15
1760986401440 0.71429 16
1760986427793 0.70245 17
1760986453519 0.69866 18
1760986480978 0.74038 19
1760986485518 0.7143215741203677 19
