1760985987472 0.00452 0
1760986011267 0.00452 1
1760986037131 0.62881 2
1760986063519 0.84208 3
1760986089408 0.77655 4
1760986114548 0.91506 5
1760986139533 0.68111 6
1760986165764 0.6846 7
1760986190858 0.7824 8
1760986215634 0.70739 9
1760986240705 0.85153 10
1760986266769 0.93097 11
1760986292611 0.89134 12
1760986318283 0.91033 13
1760986345960 0.89283 14
1760986373886 0.90437 15
1760986401440 0.85198 16
1760986427793 0.93089 17
1760986453519 0.89426 18
1760986480978 0.93299 19
1760986485518 0.8525133724330513 19
