1760985987472 0.92683 0
1760986011267 0.92683 1
1760986037131 0.09756 2
1760986063519 0.13091 3
1760986089408 0.25473 4
1760986114548 0.52574 5
1760986139533 0.31276 6
1760986165764 0.52957 7
1760986190858 0.63415 8
1760986215634 0.58974 9
1760986240705 0.58537 10
1760986266769 0.58537 11
1760986292611 0.60045 12
1760986318283 0.63415 13
1760986345960 0.65854 14
1760986373886 0.63415 15
1760986401440 0.70205 16
1760986427793 0.65713 17
1760986453519 0.65854 18
1760986480978 0.67933 19
1760986485518 0.7049756286335784 19
