1760816200101 2e-05 0
1760816208280 5.703000000000001e-05 1
1760816215482 9.01e-05 2
1760816223463 0.00011921 3
1760816231035 0.00014436 4
1760816238704 0.00016554999999999999 5
1760816246356 0.00018277999999999998 6
1760816254159 0.00019605 7
1760816261666 0.00020536000000000003 8
1760816269189 0.00021070999999999997 9
1760816276878 0.0002121 10
1760816285158 0.00020952999999999998 11
1760816295996 0.00020300000000000006 12
1760816304809 0.00019250999999999998 13
1760816314937 0.00017806 14
1760816327716 0.00015965000000000003 15
1760816340657 0.00013727999999999996 16
1760816349333 0.00011095000000000001 17
1760816358268 8.065999999999998e-05 18
1760816371413 4.6410000000000045e-05 19
