1760985984768 0.0001 0
1760986008548 0.00020911000000000004 1
1760986034112 0.00030634 2
1760986060064 0.00039169000000000004 3
1760986086483 0.00046516000000000005 4
1760986111685 0.00052675 5
1760986136698 0.00057646 6
1760986163004 0.00061429 7
1760986187924 0.00064024 8
1760986212689 0.00065431 9
1760986237929 0.0006565 10
1760986263865 0.0006468099999999999 11
1760986289799 0.0006252400000000001 12
1760986315391 0.0005917899999999999 13
1760986342939 0.00054646 14
1760986370752 0.0004892500000000001 15
1760986398279 0.0004159999999999999 16
1760986424689 0.00031700000000000006 17
1760986450383 0.00021799999999999996 18
1760986478040 0.0001190000000000001 19
