1760816537661 82.9742 0
1760816547204 82.59856 1
1760816555046 81.4253 2
1760816562826 80.51598 3
1760816572469 79.68791 4
1760816585586 78.66943 5
1760816598432 77.43584 6
1760816604928 76.09833 7
1760816612872 74.21059 8
1760816620647 73.64082 9
1760816627942 72.18797 10
1760816641751 71.11379 11
1760816648128 70.02699 12
1760816654724 68.85033 13
1760816661090 67.60115 14
1760816667701 66.57842 15
1760816674998 66.22224 16
1760816682081 65.54276 17
1760816688580 64.78593 18
1760816696331 64.23271 19
