1760816200101 82.9742 0
1760816208280 82.59856 1
1760816215482 81.4253 2
1760816223463 80.51598 3
1760816231035 79.68791 4
1760816238704 78.66943 5
1760816246356 77.43584 6
1760816254159 76.09833 7
1760816261666 74.21059 8
1760816269189 73.64082 9
1760816276878 72.18797 10
1760816285158 71.11379 11
1760816295996 70.02699 12
1760816304809 68.85033 13
1760816314937 67.60115 14
1760816327716 66.57842 15
1760816340657 66.22224 16
1760816349333 65.54276 17
1760816358268 64.78593 18
1760816371413 64.23271 19
