1761233405338 0.37034 0
1761233461435 0.40843 1
1761233518379 0.34928 2
1761233589968 0.32004 3
1761233681117 0.37641 4
1761233771864 0.35694 5
1761233861687 0.33973 6
1761233952876 0.3381 7
1761234043500 0.28156 8
1761234133948 0.39975 9
1761234224287 0.37219 10
1761234314342 0.44343 11
1761234404678 0.44152 12
1761234495071 0.5391 13
1761234584818 0.49846 14
1761234662832 0.55068 15
1761234718866 0.5297 16
1761234772614 0.52437 17
1761234821165 0.55286 18
1761234874581 0.56679 19
1761234880442 0.5663074007518457 19
