1761233405338 0.53454 0
1761233461435 0.58815 1
1761233518379 0.50035 2
1761233589968 0.50039 3
1761233681117 0.59023 4
1761233771864 0.58641 5
1761233861687 0.54411 6
1761233952876 0.55825 7
1761234043500 0.4586 8
1761234133948 0.58551 9
1761234224287 0.70596 10
1761234314342 0.71109 11
1761234404678 0.69069 12
1761234495071 0.74616 13
1761234584818 0.7687 14
1761234662832 0.75665 15
1761234718866 0.74793 16
1761234772614 0.75233 17
1761234821165 0.77094 18
1761234874581 0.78603 19
1761234880442 0.7851071917881506 19
