1761233405338 0.00467 0
1761233461435 0.00458 1
1761233518379 0.89429 2
1761233589968 0.63338 3
1761233681117 0.76422 4
1761233771864 0.74469 5
1761233861687 0.73166 6
1761233952876 0.62156 7
1761234043500 0.43079 8
1761234133948 0.61401 9
1761234224287 0.8614 10
1761234314342 0.8338 11
1761234404678 0.80547 12
1761234495071 0.94857 13
1761234584818 0.88515 14
1761234662832 0.92647 15
1761234718866 0.99334 16
1761234772614 0.97005 17
1761234821165 0.90903 18
1761234874581 0.88827 19
1761234880442 0.8700476021517254 19
