1761233405338 0.96552 0
1761233461435 0.94828 1
1761233518379 0.29178 2
1761233589968 0.38734 3
1761233681117 0.55894 4
1761233771864 0.55172 5
1761233861687 0.51712 6
1761233952876 0.53809 7
1761234043500 0.63793 8
1761234133948 0.60345 9
1761234224287 0.65517 10
1761234314342 0.65517 11
1761234404678 0.67241 12
1761234495071 0.63598 13
1761234584818 0.6645 14
1761234662832 0.65176 15
1761234718866 0.63793 16
1761234772614 0.65517 17
1761234821165 0.68912 18
1761234874581 0.72414 19
1761234880442 0.7241379310344828 19
