1761233401100 0.00022 0
1761233457221 0.00043723000000000004 1
1761233514194 0.0006307 2
1761233582465 0.0008004100000000001 3
1761233673819 0.0009463600000000001 4
1761233764738 0.00106855 5
1761233854515 0.00116698 6
1761233945803 0.00124165 7
1761234036427 0.001208 8
1761234126818 0.001109 9
1761234217334 0.00101 10
1761234307207 0.0009109999999999999 11
1761234397466 0.0008120000000000001 12
1761234488001 0.000713 13
1761234577691 0.0006140000000000001 14
1761234658837 0.000515 15
1761234713481 0.0004159999999999999 16
1761234768852 0.00031700000000000006 17
1761234817646 0.00021799999999999996 18
1761234870772 0.0001190000000000001 19
