1760818904013 2e-05 0
1760818909463 5.703000000000001e-05 1
1760818914433 9.01e-05 2
1760818919542 0.00011921 3
1760818924714 0.00014436 4
1760818929963 0.00016554999999999999 5
1760818935394 0.00018277999999999998 6
1760818940923 0.00019605 7
1760818946374 0.00020536000000000003 8
1760818951794 0.00021070999999999997 9
1760818957203 0.0002121 10
1760818962636 0.00020952999999999998 11
1760818967948 0.00020300000000000006 12
1760818973673 0.00019250999999999998 13
1760818979616 0.00017806 14
1760818985520 0.00015965000000000003 15
1760818991339 0.00013727999999999996 16
1760818997046 0.00011095000000000001 17
1760819003053 8.065999999999998e-05 18
1760819009113 4.6410000000000045e-05 19
