1760819924166 2e-05 0
1760819931177 5.703000000000001e-05 1
1760819938006 9.01e-05 2
1760819945579 0.00011921 3
1760819952397 0.00014436 4
1760819959529 0.00016554999999999999 5
1760819966516 0.00018277999999999998 6
1760819974323 0.00019605 7
1760819981880 0.00020536000000000003 8
1760819989893 0.00021070999999999997 9
1760819997027 0.0002121 10
1760820004559 0.00020952999999999998 11
1760820012555 0.00020300000000000006 12
1760820020413 0.00019250999999999998 13
1760820027385 0.00017806 14
1760820033547 0.00015965000000000003 15
1760820040194 0.00013727999999999996 16
1760820047029 0.00011095000000000001 17
1760820054482 8.065999999999998e-05 18
1760820062060 4.6410000000000045e-05 19
