1760816537661 2e-05 0
1760816547204 5.703000000000001e-05 1
1760816555046 9.01e-05 2
1760816562826 0.00011921 3
1760816572469 0.00014436 4
1760816585586 0.00016554999999999999 5
1760816598432 0.00018277999999999998 6
1760816604928 0.00019605 7
1760816612872 0.00020536000000000003 8
1760816620647 0.00021070999999999997 9
1760816627942 0.0002121 10
1760816641751 0.00020952999999999998 11
1760816648128 0.00020300000000000006 12
1760816654724 0.00019250999999999998 13
1760816661090 0.00017806 14
1760816667701 0.00015965000000000003 15
1760816674998 0.00013727999999999996 16
1760816682081 0.00011095000000000001 17
1760816688580 8.065999999999998e-05 18
1760816696331 4.6410000000000045e-05 19
